10 0.02
0 0 0
0.5   0   0
  0   0 0.5
0.5   0 0.5
   0 0.45    0
 0.5 0.45    0
   0 0.45  0.5
 0.5 0.45  0.5
0.5   1   0
0.5   1 0.5
11
2 27
8 33
14 39
20 45
28 41
34 47
32 51
36 43
44 57
52 59
24 31
10 3
1 1 1 1 1 1 1 1 1 1 1 1 1 1 1 1 1 1 1 1 1 1 1 1 1 1 1 
2 2 2 2 2 2 2 2 2 2 2 2 2 2 2 2 2 2 2 2 2 2 2 2 2 2 2 
3 3 3 3 3 3 3 3 3 3 3 3 3 3 3 3 3 3 3 3 3 3 3 3 3 3 3 
4 4 4 4 4 4 4 4 4 4 4 4 4 4 4 4 4 4 4 4 4 4 4 4 4 4 4 
5 5 11 1 1 11 1 11 11 5 1 11 1 1 11 1 1 1 5 11 11 5 5 11 5 5 5 
11 11 11 11 2 7 11 11 11 2 2 2 11 2 7 6 7 7 6 6 2 6 6 6 6 7 7 
3 5 5 5 5 8 8 8 8 3 3 5 3 5 8 8 3 8 3 5 5 3 5 8 3 3 8 
8 8 8 6 6 8 6 6 6 8 4 4 8 4 9 6 9 6 8 8 4 4 4 9 9 9 9 
7 7 7 7 7 7 7 10 7 10 7 7 10 7 7 10 10 10 7 7 10 10 10 10 10 10 10 
10 9 9 10 10 10 10 10 10 9 9 10 9 9 10 10 10 10 9 9 9 9 9 9 9 10 9 
