8 0.08
-1 -1 -1
 1 -1 -1
-1  1 -1
 1  1 -1
-1 -1  1
 1 -1  1
-1  1  1
1 1 1
12
2 15
0 7
4 29
8 21
10 35
12 19
16 41
22 47
26 39
24 31
32 45
36 43
8 3
2 2 2 2 1 2 1 1 2 3 3 2 3 3 2 1 1 1 3 3 3 3 3 2 1 1 1 
5 5 5 2 2 2 2 4 4 2 5 5 2 5 2 4 4 4 2 5 5 2 5 4 4 4 4 
7 7 7 7 6 7 1 6 6 7 1 6 1 1 6 1 1 6 7 1 6 7 7 6 1 1 6 
4 4 8 4 4 8 4 8 8 6 4 8 6 4 4 6 8 6 6 4 8 6 8 8 6 6 6 
3 3 3 3 3 3 9 9 9 10 10 3 3 3 10 9 9 9 10 10 10 9 9 10 9 10 10 
10 5 5 5 5 5 5 11 11 10 10 5 10 10 10 11 11 11 10 5 5 11 10 10 11 11 11 
7 7 7 7 7 12 7 12 12 7 9 9 9 12 12 7 7 12 9 9 9 9 9 12 9 12 12 
8 8 8 8 8 8 12 12 8 11 11 11 12 11 11 12 8 8 11 11 11 12 11 12 12 12 12 
